1104,285.82073,577941.01,100153.7,1807799.3,1297,12,12
2000,293.62569,577988.23,100153.7,1808007.5,1297,12,12
3000,293.16693,577853.69,100153.7,1807764.5,1297,12,12
4000,290.87006,577869.7,100153.7,1807948.1,1297,12,12
5000,294.28803,577725.57,100153.7,1808082.3,1297,12,12
6000,299.63641,577776.46,100153.7,1808194.6,1297,12,12
7000,296.07822,577695.39,100153.7,1807852.2,1297,12,12
8000,294.97793,577639.13,100153.7,1808072.4,1297,12,12
9000,296.89373,577558.27,100153.7,1807991.4,1297,12,12
10000,294.93539,577500.78,100153.7,1808521.7,1297,12,12
11000,290.92505,577316.78,100153.7,1808412.1,1297,12,12
12000,295.63088,577314.84,100153.7,1809076.1,1297,12,12
13000,292.83211,577217.16,100153.7,1808768.6,1297,12,12
14000,288.97135,577106.13,100153.7,1808844.1,1297,12,12
15000,291.2311,577149.64,100153.7,1808739.8,1297,12,12
16000,292.11092,577123.39,100153.7,1809033.4,1297,12,12
17000,289.74189,577008.28,100153.7,1808870.5,1297,12,12
18000,293.82725,577079.33,100153.7,1808950.4,1297,12,12
19000,286.66553,577027.57,100153.7,1808798.1,1297,12,12
20000,297.72994,577061.84,100153.7,1808914.1,1297,12,12
21000,283.5417,577041.1,100153.7,1808456.3,1297,12,12
22000,287.02219,577152.49,100153.7,1808323,1297,12,12
23000,289.87795,577349.08,100153.7,1808082,1297,12,12
24000,294.786,577372.33,100153.7,1808053.7,1297,12,12
25000,289.9369,577265.26,100153.7,1808065.7,1297,12,12
26000,299.5089,577572.38,100153.7,1808060,1297,12,12
27000,297.1568,577642.04,100153.7,1808307.7,1297,12,12
28000,293.01275,577634.66,100153.7,1808097.7,1297,12,12
29000,288.80312,577551.29,100153.7,1807988.4,1297,12,12
30000,291.14492,577525.97,100153.7,1808084.5,1297,12,12
31000,295.67225,577614.28,100153.7,1807793.3,1297,12,12
32000,287.11506,577505.21,100153.7,1807864.7,1297,12,12
33000,289.44962,577604.63,100153.7,1808021.9,1297,12,12
34000,296.46478,577642.73,100153.7,1808217.5,1297,12,12
35000,300.60652,577573.39,100153.7,1808512.6,1297,12,12
36000,299.13832,577393.31,100153.7,1808469.1,1297,12,12
37000,288.45579,577214.2,100153.7,1808531,1297,12,12
38000,288.97117,577059.92,100153.7,1808623.5,1297,12,12
39000,289.25988,577122.99,100153.7,1809102.9,1297,12,12
40000,289.17358,577104.06,100153.7,1808656.8,1297,12,12
41000,292.81832,577238.81,100153.7,1808525.1,1297,12,12
42000,294.85018,577227.37,100153.7,1808987.4,1297,12,12
43000,286.8826,576951.93,100153.7,1808653.5,1297,12,12
44000,294.54161,577159.59,100153.7,1808523.6,1297,12,12
45000,294.02056,577333.74,100153.7,1809031.3,1297,12,12
46000,288.61719,577225.6,100153.7,1808602,1297,12,12
47000,287.25486,577295.25,100153.7,1808743.8,1297,12,12
48000,302.57807,577438.27,100153.7,1808487,1297,12,12
49000,289.67447,577446.42,100153.7,1808329.4,1297,12,12
50000,289.29479,577292.78,100153.7,1808375.8,1297,12,12
51000,297.34007,577421.06,100153.7,1808268.1,1297,12,12
52000,292.37658,577360.65,100153.7,1807900.6,1297,12,12
53000,290.14906,577468.13,100153.7,1808267.7,1297,12,12
54000,297.75099,577612.83,100153.7,1808261.9,1297,12,12
55000,293.10762,577285.29,100153.7,1808032.7,1297,12,12
56000,286.30494,577267.15,100153.7,1808319.6,1297,12,12
57000,294.78297,577440.27,100153.7,1808397.4,1297,12,12
58000,296.10372,577472.15,100153.7,1808432.6,1297,12,12
59000,293.87341,577375.63,100153.7,1808159.7,1297,12,12
60000,288.1189,577211.15,100153.7,1808404.8,1297,12,12
61000,287.86371,577327.18,100153.7,1808550.5,1297,12,12
62000,297.02881,577262.95,100153.7,1808437.9,1297,12,12
63000,294.86586,577351.41,100153.7,1808644.4,1297,12,12
64000,289.67273,577233.72,100153.7,1808488.8,1297,12,12
65000,290.90445,577136.52,100153.7,1808352.2,1297,12,12
66000,293.3082,577119.67,100153.7,1808625.8,1297,12,12
67000,289.59712,577160.37,100153.7,1808310.5,1297,12,12
68000,294.85103,577208.28,100153.7,1808447.6,1297,12,12
69000,294.2603,577187.15,100153.7,1808408.8,1297,12,12
70000,291.31961,577208.29,100153.7,1808561,1297,12,12
71000,289.12171,577207.33,100153.7,1808485.7,1297,12,12
72000,287.8565,577162.99,100153.7,1808553.2,1297,12,12
73000,290.91387,577183.67,100153.7,1808393.1,1297,12,12
74000,290.11048,577321.6,100153.7,1808546.1,1297,12,12
75000,295.5668,577451.22,100153.7,1808209.1,1297,12,12
76000,295.90733,577483.93,100153.7,1808310.9,1297,12,12
77000,292.72643,577356.73,100153.7,1808160.3,1297,12,12
78000,292.84525,577312.56,100153.7,1808320.4,1297,12,12
79000,294.19649,577328.23,100153.7,1808747,1297,12,12
80000,295.36739,577361.53,100153.7,1808481.3,1297,12,12
81000,294.43682,577321.94,100153.7,1808438.6,1297,12,12
82000,289.05172,577306.07,100153.7,1808204.5,1297,12,12
83000,291.10531,577235.12,100153.7,1808447,1297,12,12
84000,299.63752,577365.08,100153.7,1808569.8,1297,12,12
85000,293.66697,577330.19,100153.7,1808549.1,1297,12,12
86000,288.26227,577111.81,100153.7,1808529.8,1297,12,12
87000,294.17954,577193.11,100153.7,1808571.2,1297,12,12
88000,291.24469,577262.17,100153.7,1808514.5,1297,12,12
89000,297.11576,577041.13,100153.7,1808388,1297,12,12
90000,294.18191,577100.23,100153.7,1808399.2,1297,12,12
91000,293.75421,577191.93,100153.7,1808516,1297,12,12
92000,287.47185,577122.61,100153.7,1808596.4,1297,12,12
93000,297.22067,577315.44,100153.7,1808679.9,1297,12,12
94000,292.62945,577080.9,100153.7,1808582.2,1297,12,12
95000,290.36134,577160.49,100153.7,1808506.4,1297,12,12
96000,294.72024,577286.71,100153.7,1808344.8,1297,12,12
97000,287.61075,577114.6,100153.7,1808785.6,1297,12,12
98000,300.42749,577327.06,100153.7,1808421.1,1297,12,12
99000,290.04753,577393.97,100153.7,1808609.8,1297,12,12
100000,296.9493,577461.72,100153.7,1808273.4,1297,12,12
101000,297.28028,577418.12,100153.7,1808545.4,1297,12,12
102000,295.88789,577500.03,100153.7,1808475.8,1297,12,12
103000,293.27039,577375.72,100153.7,1808447.5,1297,12,12
104000,288.3767,577246.35,100153.7,1808304.9,1297,12,12
105000,289.76993,577296.87,100153.7,1808711.9,1297,12,12
106000,292.68042,577260.29,100153.7,1808322.2,1297,12,12
107000,296.36164,577298.85,100153.7,1808389.5,1297,12,12
108000,283.82205,577312.67,100153.7,1808670.7,1297,12,12
109000,286.64881,577307.39,100153.7,1808647.7,1297,12,12
110000,289.47043,577286.9,100153.7,1808470.8,1297,12,12
111000,290.47435,577207.92,100153.7,1808702.3,1297,12,12
112000,296.09152,577345.97,100153.7,1808435.8,1297,12,12
113000,295.41525,577192.5,100153.7,1808250.3,1297,12,12
114000,294.15315,577279.27,100153.7,1808365.3,1297,12,12
115000,292.89641,577140.6,100153.7,1808428.6,1297,12,12
116000,294.96106,577345.8,100153.7,1808715,1297,12,12
117000,295.03538,577214.15,100153.7,1808326.6,1297,12,12
118000,291.58468,577233.02,100153.7,1808368,1297,12,12
119000,289.80554,577164.79,100153.7,1808439.3,1297,12,12
120000,292.36265,577294.13,100153.7,1808410.8,1297,12,12
121000,287.00395,577132.06,100153.7,1808701.5,1297,12,12
122000,290.75685,577125.27,100153.7,1808530.9,1297,12,12
123000,293.12329,577201.26,100153.7,1808637.8,1297,12,12
124000,288.83482,577154.77,100153.7,1808596.6,1297,12,12
125000,291.24382,577218.65,100153.7,1808608.1,1297,12,12
126000,295.41031,577297.8,100153.7,1808755.3,1297,12,12
127000,293.80168,577168.62,100153.7,1808489.5,1297,12,12
128000,290.48772,577248.51,100153.7,1808673.1,1297,12,12
129000,293.0651,577258.58,100153.7,1808451.4,1297,12,12
130000,296.1853,577261.32,100153.7,1808576.5,1297,12,12
131000,294.80379,577207.13,100153.7,1808653.6,1297,12,12
132000,291.00119,577230.9,100153.7,1808536.1,1297,12,12
133000,291.38174,577171.42,100153.7,1808373.9,1297,12,12
134000,290.4338,577246.21,100153.7,1808484.4,1297,12,12
135000,291.25188,577207.36,100153.7,1808628.4,1297,12,12
136000,293.73416,577357.85,100153.7,1808319.8,1297,12,12
137000,292.62327,577228.15,100153.7,1808658.8,1297,12,12
138000,295.1931,577371.07,100153.7,1808697.2,1297,12,12
139000,295.59913,577231.85,100153.7,1808456.7,1297,12,12
140000,290.08405,577289.86,100153.7,1808626.4,1297,12,12
141000,292.73126,577393.48,100153.7,1808400.7,1297,12,12
142000,294.43088,577374.59,100153.7,1808591,1297,12,12
143000,291.57507,577222.18,100153.7,1808480.6,1297,12,12
144000,286.87283,577118.83,100153.7,1808372.6,1297,12,12
145000,296.07725,577220.05,100153.7,1808855.7,1297,12,12
146000,299.83611,577279.68,100153.7,1808862.2,1297,12,12
147000,290.06164,577207.63,100153.7,1808611.9,1297,12,12
148000,291.66553,577299.23,100153.7,1808884.4,1297,12,12
149000,297.1146,577314.75,100153.7,1808298.7,1297,12,12
150000,292.27901,576963,100153.7,1808212.3,1297,12,12
151000,295.41322,577322.02,100153.7,1808319.6,1297,12,12
152000,292.63772,577312.76,100153.7,1808690.4,1297,12,12
153000,299.47454,577166.76,100153.7,1808356.6,1297,12,12
154000,291.7908,577440.77,100153.7,1808576.6,1297,12,12
155000,295.39036,577292.61,100153.7,1808574.6,1297,12,12
156000,297.24129,577284.36,100153.7,1808665.9,1297,12,12
157000,292.8418,577231.76,100153.7,1808743.7,1297,12,12
158000,295.29025,577391.91,100153.7,1808740.6,1297,12,12
159000,297.40824,577294.72,100153.7,1808782.4,1297,12,12
160000,294.32039,577119.36,100153.7,1808786.4,1297,12,12
161000,295.9837,577278.13,100153.7,1808820.1,1297,12,12
162000,300.82055,577383.23,100153.7,1808444.2,1297,12,12
163000,297.14346,577208.68,100153.7,1808605.3,1297,12,12
164000,293.68346,577315.98,100153.7,1808535.8,1297,12,12
165000,292.07048,577284.92,100153.7,1808541.9,1297,12,12
166000,297.43913,577353.67,100153.7,1808434.6,1297,12,12
167000,294.1856,577264.67,100153.7,1808677.9,1297,12,12
168000,301.53826,577499.76,100153.7,1808641.1,1297,12,12
169000,290.07089,577349.42,100153.7,1808621,1297,12,12
170000,288.47979,577226.37,100153.7,1808526.5,1297,12,12
171000,295.91763,577310.53,100153.7,1808716.2,1297,12,12
172000,288.10994,577149.83,100153.7,1808239.5,1297,12,12
173000,293.99115,577349.87,100153.7,1808420,1297,12,12
174000,292.05577,577208.86,100153.7,1808622.1,1297,12,12
175000,295.41593,577344.99,100153.7,1808949,1297,12,12
176000,294.00689,577303.23,100153.7,1808720.5,1297,12,12
177000,299.07195,577285.31,100153.7,1808467.6,1297,12,12
178000,296.06207,577283.35,100153.7,1808720.3,1297,12,12
179000,296.93331,577296.42,100153.7,1808968.1,1297,12,12
180000,296.07012,577246.88,100153.7,1808803.9,1297,12,12
181000,291.25234,577157.79,100153.7,1808687.3,1297,12,12
182000,288.66757,577113.13,100153.7,1808758.3,1297,12,12
183000,293.19834,577272.24,100153.7,1808736,1297,12,12
184000,298.61275,577275.03,100153.7,1808917.6,1297,12,12
185000,300.79951,577267.39,100153.7,1808769.9,1297,12,12
186000,291.70107,577254.94,100153.7,1808514.2,1297,12,12
187000,294.7512,577327.45,100153.7,1808945.7,1297,12,12
188000,289.49132,577311.39,100153.7,1808761.1,1297,12,12
189000,288.26988,577175.19,100153.7,1808416.2,1297,12,12
190000,295.96702,577259.06,100153.7,1808294.3,1297,12,12
191000,281.8461,577088.67,100153.7,1808701.3,1297,12,12
192000,291.24736,577344.07,100153.7,1809010.6,1297,12,12
193000,299.99213,577416.84,100153.7,1808359.2,1297,12,12
194000,288.17877,577130.66,100153.7,1808743.9,1297,12,12
195000,291.64854,577266.88,100153.7,1808329.3,1297,12,12
196000,297.1219,577370.68,100153.7,1808306.3,1297,12,12
197000,296.43328,577240.69,100153.7,1808802.1,1297,12,12
198000,298.45473,577458.9,100153.7,1808543.3,1297,12,12
199000,292.24731,577373.17,100153.7,1808757.3,1297,12,12
200000,293.6865,577308.14,100153.7,1808517.2,1297,12,12
201000,293.17802,577260.68,100153.7,1808718.4,1297,12,12
202000,288.25141,577140.68,100153.7,1808600.4,1297,12,12
203000,300.75658,577389.17,100153.7,1808611.2,1297,12,12
204000,297.15199,577211.99,100153.7,1808836.5,1297,12,12
205000,293.73492,577223.92,100153.7,1808796,1297,12,12
206000,295.57144,577348.99,100153.7,1808768.2,1297,12,12
207000,296.17234,577280.63,100153.7,1808505.1,1297,12,12
208000,296.21537,577280.07,100153.7,1808914.7,1297,12,12
209000,300.34242,577370.55,100153.7,1808719.2,1297,12,12
210000,290.69239,577224.08,100153.7,1809053,1297,12,12
211000,295.07903,577197.59,100153.7,1808421.2,1297,12,12
212000,287.67102,577071.13,100153.7,1808347.1,1297,12,12
213000,292.47059,577162.73,100153.7,1808609.4,1297,12,12
214000,297.32376,577361.64,100153.7,1808854.3,1297,12,12
215000,294.79993,577251.94,100153.7,1808751.4,1297,12,12
216000,291.34761,577293.78,100153.7,1808453,1297,12,12
217000,294.28014,577152.78,100153.7,1808614.4,1297,12,12
218000,294.69209,577351.68,100153.7,1808583.5,1297,12,12
219000,291.58305,577288.06,100153.7,1808523.7,1297,12,12
220000,290.74504,577318.96,100153.7,1808729,1297,12,12
221000,290.04112,577270.44,100153.7,1808589.3,1297,12,12
222000,292.74474,577236.25,100153.7,1808579.7,1297,12,12
223000,298.68065,577240.94,100153.7,1808697.2,1297,12,12
224000,292.86358,577234.27,100153.7,1808717.8,1297,12,12
225000,293.12229,577154.69,100153.7,1808713.3,1297,12,12
226000,293.66664,577129.72,100153.7,1808670.2,1297,12,12
227000,293.64624,576996.61,100153.7,1808696.9,1297,12,12
228000,296.07041,577138.79,100153.7,1808392.1,1297,12,12
229000,294.50716,577165.74,100153.7,1808679.8,1297,12,12
230000,289.43456,577148,100153.7,1808843,1297,12,12
231000,285.82802,577051.94,100153.7,1808510.1,1297,12,12
232000,290.06036,577173.14,100153.7,1808463.4,1297,12,12
233000,298.60886,577282.58,100153.7,1808407.4,1297,12,12
234000,305.6331,577412.2,100153.7,1808913.8,1297,12,12
235000,293.88895,577138.54,100153.7,1808481.9,1297,12,12
236000,297.06449,577342.94,100153.7,1808749.4,1297,12,12
237000,297.13435,577264.79,100153.7,1808797.1,1297,12,12
238000,295.38116,577227.34,100153.7,1808699.7,1297,12,12
239000,295.27322,577265.86,100153.7,1808962.9,1297,12,12
240000,289.46056,577188.53,100153.7,1808654,1297,12,12
241000,298.51447,577274.86,100153.7,1808728.8,1297,12,12
242000,297.44971,577151.58,100153.7,1808490.3,1297,12,12
243000,289.46028,577118.1,100153.7,1808428.6,1297,12,12
244000,297.37554,577241.52,100153.7,1808442.3,1297,12,12
245000,294.16745,577188.66,100153.7,1808584,1297,12,12
246000,293.72888,577328.26,100153.7,1808596.4,1297,12,12
247000,301.62918,577463.47,100153.7,1808582.5,1297,12,12
248000,298.44509,577305.34,100153.7,1808403.7,1297,12,12
249000,294.84981,577372.08,100153.7,1808399.6,1297,12,12
250000,297.24205,577352.65,100153.7,1808998.4,1297,12,12
251000,292.08482,577244.92,100153.7,1808648.3,1297,12,12
252000,297.16973,577279.7,100153.7,1808500.8,1297,12,12
253000,298.67855,577284.38,100153.7,1808495.8,1297,12,12
254000,291.51044,577232.45,100153.7,1808828.2,1297,12,12
255000,292.69976,577164.74,100153.7,1808708.4,1297,12,12
256000,292.59468,577259.87,100153.7,1808683.5,1297,12,12
257000,296.48182,577330.35,100153.7,1808553.9,1297,12,12
258000,295.09793,577263.16,100153.7,1808572.1,1297,12,12
259000,298.0863,577302.25,100153.7,1808790.2,1297,12,12
260000,296.04962,577069.6,100153.7,1808762,1297,12,12
261000,300.32056,577273.08,100153.7,1808790.3,1297,12,12
262000,295.02784,577308.18,100153.7,1808520,1297,12,12
263000,288.15925,577202.08,100153.7,1808482.9,1297,12,12
264000,288.1733,577112.3,100153.7,1808479.6,1297,12,12
265000,291.62574,577087.74,100153.7,1808549.8,1297,12,12
266000,299.85885,577160.81,100153.7,1808978.1,1297,12,12
267000,296.80271,577198.82,100153.7,1808659.7,1297,12,12
268000,289.64355,577073.8,100153.7,1808580.3,1297,12,12
269000,292.86216,577138.71,100153.7,1808488.8,1297,12,12
270000,292.35129,577350.28,100153.7,1808895.2,1297,12,12
271000,292.21446,577313.09,100153.7,1808755.7,1297,12,12
272000,294.01681,577344.54,100153.7,1808661.1,1297,12,12
273000,291.24403,577288.46,100153.7,1808508,1297,12,12
274000,293.90272,577271.44,100153.7,1808487,1297,12,12
275000,295.34088,577259.65,100153.7,1808811.7,1297,12,12
276000,292.59174,577306.31,100153.7,1808567.7,1297,12,12
277000,290.20531,577227.77,100153.7,1808259.2,1297,12,12
278000,286.70551,577124.71,100153.7,1808587.3,1297,12,12
279000,299.84796,577391.59,100153.7,1808615.1,1297,12,12
280000,292.32899,577182.38,100153.7,1808639.3,1297,12,12
281000,290.30823,577199.6,100153.7,1808573,1297,12,12
282000,300.9964,577387.2,100153.7,1808765.5,1297,12,12
283000,295.23696,577290.01,100153.7,1808589.6,1297,12,12
284000,288.74081,577155.41,100153.7,1808337.1,1297,12,12
285000,287.99828,577233.17,100153.7,1808766,1297,12,12
286000,297.55877,577088.01,100153.7,1808758.4,1297,12,12
287000,296.76903,577140.74,100153.7,1808935.8,1297,12,12
288000,297.05889,577220.53,100153.7,1808713.5,1297,12,12
289000,301.39195,577370.1,100153.7,1808784.9,1297,12,12
290000,290.80658,577205.8,100153.7,1808773.7,1297,12,12
291000,289.34043,577116.96,100153.7,1808913.2,1297,12,12
292000,288.25582,577163.64,100153.7,1808679.6,1297,12,12
293000,299.33271,577219.84,100153.7,1808608,1297,12,12
294000,291.45063,577230.52,100153.7,1808773.9,1297,12,12
295000,292.40223,577255.67,100153.7,1808503.9,1297,12,12
296000,292.0014,577234.07,100153.7,1808672.6,1297,12,12
297000,289.79277,577226.98,100153.7,1808414.1,1297,12,12
298000,291.61317,577132.05,100153.7,1808394.4,1297,12,12
299000,294.95628,577286.93,100153.7,1808511.3,1297,12,12
300000,286.63721,577140.54,100153.7,1808399.4,1297,12,12
301000,284.66557,577115,100153.7,1808767.4,1297,12,12
302000,286.46593,577160.54,100153.7,1808786.7,1297,12,12
303000,292.87097,577204.1,100153.7,1808624.7,1297,12,12
304000,293.36751,577217.61,100153.7,1809067.8,1297,12,12
305000,286.89467,576949.76,100153.7,1808807,1297,12,12
306000,294.84553,577182.03,100153.7,1808831.9,1297,12,12
307000,291.69881,577192.28,100153.7,1808955.4,1297,12,12
308000,288.05795,577093.14,100153.7,1808703.7,1297,12,12
309000,294.99811,577235.96,100153.7,1808675.6,1297,12,12
310000,299.96447,577220.81,100153.7,1808620.6,1297,12,12
311000,294.82137,577351.48,100153.7,1808809.2,1297,12,12
312000,293.55977,577254.38,100153.7,1808579.4,1297,12,12
313000,292.13459,577328.83,100153.7,1808564.6,1297,12,12
314000,287.34062,577116.44,100153.7,1808467.1,1297,12,12
315000,287.59768,577163.64,100153.7,1808631.1,1297,12,12
316000,296.28159,577311.31,100153.7,1808863.2,1297,12,12
317000,296.34295,577290.72,100153.7,1808529.3,1297,12,12
318000,293.81975,577210.2,100153.7,1808595.6,1297,12,12
319000,292.16592,577244.21,100153.7,1808566,1297,12,12
320000,293.43528,577210.53,100153.7,1808657.2,1297,12,12
321000,293.19106,577198.07,100153.7,1808644.5,1297,12,12
322000,296.87485,577110.12,100153.7,1808666,1297,12,12
323000,290.46763,577091.84,100153.7,1808655.9,1297,12,12
324000,291.079,577112.4,100153.7,1808441,1297,12,12
325000,295.0859,577086.92,100153.7,1808474.2,1297,12,12
326000,294.41664,577199.94,100153.7,1808524.1,1297,12,12
327000,287.03373,576997.4,100153.7,1808919.8,1297,12,12
328000,288.20036,577130.37,100153.7,1808823.3,1297,12,12
329000,292.88609,577195.22,100153.7,1808659.3,1297,12,12
330000,289.20923,577087.78,100153.7,1808736.5,1297,12,12
331000,286.01265,577007.11,100153.7,1808621,1297,12,12
332000,296.43436,577136.53,100153.7,1808507.1,1297,12,12
333000,296.30351,577156.96,100153.7,1808825,1297,12,12
334000,302.81201,577270.02,100153.7,1808794.4,1297,12,12
335000,293.03804,577324.33,100153.7,1808911.7,1297,12,12
336000,293.33592,577170.01,100153.7,1808730.6,1297,12,12
337000,297.6634,577222.04,100153.7,1808493.1,1297,12,12
338000,288.8123,577071.23,100153.7,1808566.8,1297,12,12
339000,292.05281,577134.72,100153.7,1808755.9,1297,12,12
340000,292.10006,577259.67,100153.7,1808612.4,1297,12,12
341000,289.04625,577216.63,100153.7,1808675.4,1297,12,12
342000,290.80763,577295.26,100153.7,1808634.9,1297,12,12
343000,293.17671,577360.69,100153.7,1808783.6,1297,12,12
344000,288.81971,577151.7,100153.7,1808565.8,1297,12,12
345000,293.57162,577314.49,100153.7,1808535.8,1297,12,12
346000,290.53205,577203.3,100153.7,1808808.5,1297,12,12
347000,294.42986,577162.95,100153.7,1808630,1297,12,12
348000,295.65192,577076.47,100153.7,1808733.8,1297,12,12
349000,289.4018,577092.05,100153.7,1808629.1,1297,12,12
350000,285.41172,577047.42,100153.7,1808614,1297,12,12
351000,291.72933,577221.52,100153.7,1808609.3,1297,12,12
352000,288.02055,577133.07,100153.7,1808561.2,1297,12,12
353000,286.49594,577102.43,100153.7,1808335.2,1297,12,12
354000,291.65077,577164.93,100153.7,1808846.7,1297,12,12
355000,298.94711,577222.82,100153.7,1808763.2,1297,12,12
356000,294.86452,577115.35,100153.7,1808481.2,1297,12,12
357000,286.96497,576943.7,100153.7,1808796.7,1297,12,12
358000,295.65359,577209.3,100153.7,1808766.6,1297,12,12
359000,296.07745,577190.44,100153.7,1808632.1,1297,12,12
360000,294.35389,577236.19,100153.7,1808498.7,1297,12,12
361000,294.73604,577192.88,100153.7,1808636.2,1297,12,12
362000,299.98162,577276.08,100153.7,1808271.6,1297,12,12
363000,294.30653,577252.24,100153.7,1808488.9,1297,12,12
364000,294.87941,577096.16,100153.7,1808892.4,1297,12,12
365000,297.41891,577265.72,100153.7,1808794.5,1297,12,12
366000,290.70181,577122.49,100153.7,1808593,1297,12,12
367000,288.51391,577044.15,100153.7,1808585.2,1297,12,12
368000,298.4861,577287.62,100153.7,1808578.6,1297,12,12
369000,294.89442,577218.48,100153.7,1808703.3,1297,12,12
370000,291.68413,577091.88,100153.7,1809088.3,1297,12,12
371000,291.80703,577173.37,100153.7,1809070.8,1297,12,12
372000,298.8275,577145.85,100153.7,1808808.8,1297,12,12
373000,292.28456,577104.1,100153.7,1808562,1297,12,12
374000,289.22502,577098.57,100153.7,1808626.9,1297,12,12
375000,298.29087,577320.97,100153.7,1808975.2,1297,12,12
376000,293.48872,577219.49,100153.7,1808675.4,1297,12,12
377000,290.20635,577213.78,100153.7,1808852.1,1297,12,12
378000,297.43444,577289.75,100153.7,1808871.7,1297,12,12
379000,294.37869,577260.99,100153.7,1808797.2,1297,12,12
380000,298.60424,577215.31,100153.7,1808540.4,1297,12,12
381000,296.14741,577376.18,100153.7,1808736.6,1297,12,12
382000,294.22415,577278.27,100153.7,1808735,1297,12,12
383000,293.15973,577203.18,100153.7,1808731.9,1297,12,12
384000,292.45213,577071.4,100153.7,1808576,1297,12,12
385000,288.13412,577193.79,100153.7,1808988.8,1297,12,12
386000,290.42734,577005.51,100153.7,1808838.1,1297,12,12
387000,285.1823,576982.78,100153.7,1808686.9,1297,12,12
388000,293.35551,577158.6,100153.7,1808575.7,1297,12,12
389000,294.84174,577275.73,100153.7,1808899.1,1297,12,12
390000,296.99136,577152.05,100153.7,1808880,1297,12,12
391000,300.12547,577127.37,100153.7,1808663.5,1297,12,12
392000,290.67732,577127.27,100153.7,1808916.8,1297,12,12
393000,289.67952,577125.97,100153.7,1808752.7,1297,12,12
394000,285.91443,577010.79,100153.7,1808788.8,1297,12,12
395000,292.6003,577127.93,100153.7,1808452.1,1297,12,12
396000,291.37737,577154.75,100153.7,1808877.6,1297,12,12
397000,287.21245,577079.09,100153.7,1808646.5,1297,12,12
398000,295.44766,577295.4,100153.7,1808722.3,1297,12,12
399000,291.62742,577276.37,100153.7,1808735.7,1297,12,12
400000,292.30968,577110.16,100153.7,1808559.9,1297,12,12
401000,294.4836,577202.16,100153.7,1808194.4,1297,12,12
402000,292.48658,577115.68,100153.7,1808540,1297,12,12
403000,295.83311,577286.91,100153.7,1808831.3,1297,12,12
404000,290.93744,577213.27,100153.7,1808712.8,1297,12,12
405000,295.24041,577209.9,100153.7,1808712.1,1297,12,12
406000,284.47666,577160.52,100153.7,1808669.9,1297,12,12
407000,296.26155,577290.2,100153.7,1808919.1,1297,12,12
408000,294.63126,577322.84,100153.7,1808736,1297,12,12
409000,293.97306,577263.23,100153.7,1808693.9,1297,12,12
410000,292.36445,577342.5,100153.7,1808815.2,1297,12,12
411000,296.96436,577127.8,100153.7,1808273.2,1297,12,12
412000,294.74886,577116.85,100153.7,1808609.9,1297,12,12
413000,290.55289,577036.89,100153.7,1808566.6,1297,12,12
414000,298.3644,577052.14,100153.7,1808776.9,1297,12,12
415000,292.4038,576997.67,100153.7,1808673.4,1297,12,12
416000,296.0895,577169.96,100153.7,1808944.2,1297,12,12
417000,288.09164,577049.1,100153.7,1808793.1,1297,12,12
418000,296.3549,577271.06,100153.7,1808861.5,1297,12,12
419000,297.79029,577241.94,100153.7,1808528.3,1297,12,12
420000,294.7584,577136.3,100153.7,1808642.1,1297,12,12
421000,294.14085,577219.79,100153.7,1808768.4,1297,12,12
422000,297.36263,577311.2,100153.7,1808664.9,1297,12,12
423000,294.77119,577235.14,100153.7,1808624,1297,12,12
424000,290.43756,577097.68,100153.7,1808804.5,1297,12,12
425000,286.47589,577168.37,100153.7,1808637.3,1297,12,12
426000,289.59656,577084.23,100153.7,1808493.4,1297,12,12
427000,296.8438,577282.41,100153.7,1808925.9,1297,12,12
428000,294.65234,577276.3,100153.7,1808652.2,1297,12,12
429000,294.66481,577103.2,100153.7,1808471.1,1297,12,12
430000,293.859,577126.5,100153.7,1808696,1297,12,12
431000,287.89198,577054.25,100153.7,1808813.3,1297,12,12
432000,295.55892,577175.93,100153.7,1808535.5,1297,12,12
433000,291.84437,577364.96,100153.7,1808842.8,1297,12,12
434000,290.01608,577247.13,100153.7,1808474.2,1297,12,12
435000,290.20608,577242.52,100153.7,1808844.2,1297,12,12
436000,298.3729,577205.21,100153.7,1808537,1297,12,12
437000,288.0522,577272.01,100153.7,1808724.2,1297,12,12
438000,293.86509,577284.38,100153.7,1808761.1,1297,12,12
439000,301.76843,577291.46,100153.7,1808868.6,1297,12,12
440000,294.52984,577242.44,100153.7,1808745.2,1297,12,12
441000,301.62804,577173.54,100153.7,1808483.2,1297,12,12
442000,301.03173,577111.07,100153.7,1808732.9,1297,12,12
443000,290.94672,577042.43,100153.7,1808910.7,1297,12,12
444000,292.80775,577119.69,100153.7,1809129.7,1297,12,12
445000,290.97455,577079.06,100153.7,1808773.6,1297,12,12
446000,288.64887,577006.29,100153.7,1808667.6,1297,12,12
447000,294.63905,577144.44,100153.7,1808666.5,1297,12,12
448000,290.38055,577038.47,100153.7,1808344,1297,12,12
449000,297.3697,577228.67,100153.7,1808628.3,1297,12,12
450000,290.99584,577102.56,100153.7,1808801.9,1297,12,12
451000,293.06162,577253.73,100153.7,1808567.3,1297,12,12
452000,292.14263,577022.63,100153.7,1808506.3,1297,12,12
453000,298.2263,577292.58,100153.7,1808887.9,1297,12,12
454000,284.98809,576980.76,100153.7,1808538.8,1297,12,12
455000,295.90141,577293.66,100153.7,1808753.9,1297,12,12
456000,297.1076,577297.75,100153.7,1808526.8,1297,12,12
457000,295.76945,577315.52,100153.7,1808773.2,1297,12,12
458000,296.13236,577286.68,100153.7,1808416,1297,12,12
459000,297.35995,577237.39,100153.7,1808822.9,1297,12,12
460000,285.51372,576996.63,100153.7,1808615.9,1297,12,12
461000,299.77334,577271.09,100153.7,1808656.2,1297,12,12
462000,295.05057,577322.85,100153.7,1808507,1297,12,12
463000,293.75286,577304.97,100153.7,1808574,1297,12,12
464000,283.74366,577018.36,100153.7,1808784.3,1297,12,12
465000,295.08045,577069.54,100153.7,1808854.7,1297,12,12
466000,296.66516,577173.7,100153.7,1808842.7,1297,12,12
467000,290.91473,577009.02,100153.7,1809038.3,1297,12,12
468000,287.6003,577072.25,100153.7,1808809.2,1297,12,12
469000,289.83971,577086.14,100153.7,1808756,1297,12,12
470000,299.40107,577217.13,100153.7,1808735.3,1297,12,12
471000,288.51123,577015.64,100153.7,1808759.7,1297,12,12
472000,296.93186,577232.52,100153.7,1808854,1297,12,12
473000,292.69295,577138.47,100153.7,1808790.2,1297,12,12
474000,290.61947,577094.12,100153.7,1808809.1,1297,12,12
475000,294.32612,577124.62,100153.7,1808683.7,1297,12,12
476000,293.34552,577128.33,100153.7,1808821.2,1297,12,12
477000,293.28233,577148.37,100153.7,1808765.8,1297,12,12
478000,294.43957,577170,100153.7,1808725.2,1297,12,12
479000,293.22431,577220.31,100153.7,1808542.6,1297,12,12
480000,290.54847,577092.13,100153.7,1808962.3,1297,12,12
481000,288.99957,577184.81,100153.7,1808858.3,1297,12,12
482000,291.86368,577075.82,100153.7,1808743.1,1297,12,12
483000,293.36598,577117.22,100153.7,1808767.9,1297,12,12
484000,291.54893,577193.63,100153.7,1808718,1297,12,12
485000,288.8982,577018.94,100153.7,1808798.4,1297,12,12
486000,289.74512,577221.43,100153.7,1808617.2,1297,12,12
487000,291.50724,577142.83,100153.7,1808914.5,1297,12,12
488000,294.38533,577126.95,100153.7,1808864.9,1297,12,12
489000,289.97178,577151.78,100153.7,1808591,1297,12,12
490000,295.20494,577244.46,100153.7,1808526.9,1297,12,12
491000,297.31385,577327.09,100153.7,1808756.8,1297,12,12
492000,294.67797,577154.36,100153.7,1808705.1,1297,12,12
493000,303.09527,577352.8,100153.7,1808698.6,1297,12,12
494000,289.7629,577082.07,100153.7,1808644.9,1297,12,12
495000,290.902,577145.41,100153.7,1808787,1297,12,12
496000,298.88463,577258.27,100153.7,1808524.4,1297,12,12
497000,296.1344,577179.29,100153.7,1808691.1,1297,12,12
498000,294.18003,577250.87,100153.7,1808601.6,1297,12,12
499000,285.11056,576953.9,100153.7,1808718.2,1297,12,12
500000,294.24833,577105.69,100153.7,1808698.8,1297,12,12
501000,290.5092,577021.29,100153.7,1808510.8,1297,12,12
502000,289.81025,576981.63,100153.7,1808407.9,1297,12,12
503000,294.51983,577170.51,100153.7,1808819.7,1297,12,12
504000,290.8156,577166.17,100153.7,1808666.2,1297,12,12
505000,296.80648,577223.98,100153.7,1808934.2,1297,12,12
506000,292.46765,577222.6,100153.7,1808263.4,1297,12,12
507000,297.88927,577244.82,100153.7,1808289.3,1297,12,12
508000,283.52601,577090.73,100153.7,1809077.1,1297,12,12
509000,295.38387,577238.86,100153.7,1808878.8,1297,12,12
510000,293.60259,577088.04,100153.7,1808650.5,1297,12,12
511000,286.00435,577018.08,100153.7,1808712.7,1297,12,12
512000,295.03255,577176.38,100153.7,1809010.1,1297,12,12
513000,289.57973,577105.4,100153.7,1808892.8,1297,12,12
514000,294.65669,577153.66,100153.7,1808822.2,1297,12,12
515000,291.02355,577075.47,100153.7,1808739,1297,12,12
516000,294.58279,577241.05,100153.7,1808576.1,1297,12,12
517000,291.18141,577039.42,100153.7,1808576.8,1297,12,12
518000,289.65003,577162.89,100153.7,1808841.1,1297,12,12
519000,292.39925,577092.01,100153.7,1808862.8,1297,12,12
520000,287.33668,577171.03,100153.7,1808858.6,1297,12,12
521000,291.56625,577126.66,100153.7,1808490.7,1297,12,12
522000,290.80813,577105.02,100153.7,1808885.2,1297,12,12
523000,294.71533,577207.65,100153.7,1808726.2,1297,12,12
524000,292.29786,577092.99,100153.7,1808631.8,1297,12,12
525000,291.73788,577190.76,100153.7,1808654.3,1297,12,12
526000,291.42755,577160.49,100153.7,1808536.1,1297,12,12
527000,292.45628,577200.51,100153.7,1808512.3,1297,12,12
528000,295.36883,577312.25,100153.7,1808696.3,1297,12,12
529000,289.75127,577123.26,100153.7,1808897.2,1297,12,12
530000,289.11576,577129.9,100153.7,1808743.6,1297,12,12
531000,295.44759,577185.63,100153.7,1808824.9,1297,12,12
532000,300.81231,577182.51,100153.7,1808612.9,1297,12,12
533000,291.33659,577110.02,100153.7,1808598.3,1297,12,12
534000,290.8978,577157.56,100153.7,1808588.3,1297,12,12
535000,298.50052,577311.59,100153.7,1808968.6,1297,12,12